n:
A
123
22
0.06310679611650483
-0.006796116504854344
2
11
|
0.028423977881645284
0.03257314108615672
|
n:
B
3
1
0.22257281553398056
0.03131067961165035
6
|
0.042652199294152995
|
n:

-1
-1
0.06432038834951459
0.021601941747572684
0
3
|
0.028423977881645284
0.03961593352058865
|
n:

-1
-1
0.08762135922330094
0.053640776699029
2
4
7
13
|
0.03961593352058865
0.047004731793826034
0.03414661241760962
0.024716795374953235
|
n:

-1
-1
0.1245145631067961
0.082766990291262
3
5
|
0.047004731793826034
0.05492091504361536
|
n:

-1
-1
0.17888349514563107
0.07499999999999984
4
6
|
0.05492091504361536
0.052463130431480695
|
n:

-1
-1
0.23131067961165042
0.07305825242718433
5
1
|
0.052463130431480695
0.042652199294152995
|
n:

-1
-1
0.054611650485436924
0.04490291262135904
3
8
|
0.03414661241760962
0.0453928921458679
|
n:

-1
-1
0.020631067961164984
0.07499999999999984
7
9
|
0.0453928921458679
0.06119586217211421
|
n:

-1
-1
-0.040533980582524276
0.07305825242718433
8
10
|
0.06119586217211421
0.07299008205519417
|
n:

-1
-1
0.023543689320388306
0.03810679611650469
9
11
|
0.07299008205519417
0.02866955934025909
|
n:

-1
-1
0.037135922330097104
0.012864077669902718
10
0
|
0.02866955934025909
0.03257314108615672
|
n:
C
23
5
0.1475728155339806
-0.004854368932038833
14
|
0.023502365896913017
|
n:

-1
-1
0.10485436893203881
0.035922330097087396
3
14
|
0.024716795374953235
0.03593544761810053
|
n:

-1
-1
0.1330097087378641
0.013592233009708743
13
12
|
0.03593544761810053
0.023502365896913017
|
