n:
Castle thing
1
2
0.06504854368932034
-0.014563106796116498
3
|
26.510366082914146
|
0
|
n:
Gift Shop or something
3
4
0.22621359223300974
0.058252427184465994
8
|
18.115578702432007
|
0
|
n:
A statue I think idk
2
4
0.06601941747572815
0.08640776699029129
5
|
53.59786096803457
|
0
|
n:

-1
-1
0.06310679611650483
0.01844660194174752
0
4
|
26.510366082914146
28.285604247969243
|
0
0
|
n:

-1
-1
0.07961165048543695
0.043689320388349495
3
5
|
28.285604247969243
50.05341665465791
|
0
0
|
n:

-1
-1
0.11067961165048545
0.08543689320388348
4
2
6
|
50.05341665465791
53.59786096803457
49.99462691461752
|
0
0
0
|
n:

-1
-1
0.15048543689320393
0.10388349514563111
5
7
|
49.99462691461752
43.427478570541226
|
0
0
|
n:

-1
-1
0.18252427184466025
0.07864077669902914
6
8
|
43.427478570541226
61.75245752187937
|
0
0
|
n:

-1
-1
0.2339805825242719
0.07766990291262132
7
1
|
61.75245752187937
18.115578702432007
|
0
0
|
